list(
pi1 = c(0.2, 0.2, 0.2, 0.2, 0.2, 0.2, 0.2, 0.2, 0.2, 0.2, 0.2, 0.2, 0.2, 0.2, 0.2, 0.2, 0.2),
pi2 = c(0.5, 0.5, 0.5, 0.5, 0.5, 0.5, 0.5, 0.5, 0.5, 0.5, 0.5, 0.5, 0.5, 0.5, 0.5, 0.5, 0.5),
pi1_pred = 0.2,pi2_pred=0.2,
E_pi1 = 0.5, u1_pi1 = 0.25,
E_pi2 = 0.5, u1_pi2 = 0.25,
nu = c(500, 500, 500, 500, 500, 500, 500, 500, 500, 500, 500, 500, 500, 500, 500, 500, 500),
nu_pred = 500, 
Enu = 50, LogVnu = 4,
lambda = c(100, 100, 100, 100, 100, 100, 100, 100, 100, 100, 100, 100, 100, 100, 100, 100, 100),
lambda_pred = 100
) 