list(
pi1 = c(0.8, 0.8, 0.8, 0.8, 0.8, 0.8, 0.8, 0.8, 0.8, 0.8, 0.8, 0.8, 0.8, 0.8, 0.8, 0.8, 0.8),
pi2 = c(0.5, 0.5, 0.5, 0.5, 0.5, 0.5, 0.5, 0.5, 0.5, 0.5, 0.5, 0.5, 0.5, 0.5, 0.5, 0.5, 0.5),
pi1_pred = 0.8,pi2_pred=0.2,
E_pi1 = 0.5, u1_pi1 = 0.25,
E_pi2 = 0.5, u1_pi2 = 0.25,
nu = c(1000, 1000, 1000, 1000, 1000, 1000, 1000, 1000, 1000, 1000, 1000, 1000, 1000, 1000, 1000, 1000, 1000),
nu_pred = 1000, 
Enu = 100, LogVnu = 5,
lambda = c(1, 1, 1, 1, 1, 1, 1, 1, 1, 1, 1, 1, 1, 1, 1, 1, 1),
lambda_pred = 1
) 