list(
pi1 = c(0.5, 0.5, 0.5, 0.5, 0.5, 0.5, 0.5, 0.5, 0.5, 0.5, 0.5, 0.5, 0.5, 0.5, 0.5, 0.5, 0.5),
pi2 = c(0.5, 0.5, 0.5, 0.5, 0.5, 0.5, 0.5, 0.5, 0.5, 0.5, 0.5, 0.5, 0.5, 0.5, 0.5, 0.5, 0.5),
pi1_pred = 0.5,pi2_pred=0.2,
E_pi1 = 0.6, u1_pi1 = 0.6,
E_pi2 = 0.6, u1_pi2 = 0.6,
nu = c(300, 300, 300, 300, 300, 300, 300, 300, 300, 300, 300, 300, 300, 300, 300, 300, 300), 
nu_pred = 300, 
Enu = 10, LogVnu = 3,
lambda = c(10, 10, 10, 10, 10, 10, 10, 10, 10, 10, 10, 10, 10, 10, 10, 10, 10),
lambda_pred = 10
) 